solid OpenSCAD_Model
  facet normal -0.446994 -0.446993 0.774851
    outer loop
      vertex -37.3291 -37.3291 72.8908
      vertex -43.3181 -36.0984 70.1459
      vertex -42.9967 -42.9967 66.3518
    endloop
  endfacet
  facet normal 0.446994 0.446993 -0.774851
    outer loop
      vertex -37.3291 -37.3291 72.8908
      vertex -42.9967 -42.9967 66.3518
      vertex -43.3181 -36.0984 70.1459
    endloop
  endfacet
  facet normal -0.446993 -0.446994 0.774851
    outer loop
      vertex -37.3291 -37.3291 72.8908
      vertex -42.9967 -42.9967 66.3518
      vertex -36.0984 -43.3181 70.1459
    endloop
  endfacet
  facet normal 0.446993 0.446994 -0.774851
    outer loop
      vertex -37.3291 -37.3291 72.8908
      vertex -36.0984 -43.3181 70.1459
      vertex -42.9967 -42.9967 66.3518
    endloop
  endfacet
  facet normal 0.624069 0.624069 -0.470187
    outer loop
      vertex -52.9469 -63.5362 56.2119
      vertex -63.5362 -52.9469 56.2119
      vertex -57.4679 -57.4679 58.2656
    endloop
  endfacet
  facet normal -0.624069 -0.624069 0.470187
    outer loop
      vertex -52.9469 -63.5362 56.2119
      vertex -57.4679 -57.4679 58.2656
      vertex -63.5362 -52.9469 56.2119
    endloop
  endfacet
  facet normal 0.562264 0.562264 -0.606398
    outer loop
      vertex -59.9118 -59.9118 53.1145
      vertex -63.5362 -52.9469 56.2119
      vertex -52.9469 -63.5362 56.2119
    endloop
  endfacet
  facet normal -0.562264 -0.562264 0.606398
    outer loop
      vertex -59.9118 -59.9118 53.1145
      vertex -52.9469 -63.5362 56.2119
      vertex -63.5362 -52.9469 56.2119
    endloop
  endfacet
  facet normal 0.441459 0.194647 -0.875914
    outer loop
      vertex -37.3291 -37.3291 72.8908
      vertex -57.4679 -57.4679 58.2656
      vertex -43.3181 -36.0984 70.1459
    endloop
  endfacet
  facet normal -0.441459 -0.194647 0.875914
    outer loop
      vertex -37.3291 -37.3291 72.8908
      vertex -43.3181 -36.0984 70.1459
      vertex -57.4679 -57.4679 58.2656
    endloop
  endfacet
  facet normal 0.441459 0.194648 -0.875914
    outer loop
      vertex -57.4679 -57.4679 58.2656
      vertex -63.5362 -52.9469 56.2119
      vertex -43.3181 -36.0984 70.1459
    endloop
  endfacet
  facet normal -0.441459 -0.194648 0.875914
    outer loop
      vertex -57.4679 -57.4679 58.2656
      vertex -43.3181 -36.0984 70.1459
      vertex -63.5362 -52.9469 56.2119
    endloop
  endfacet
  facet normal 0.194647 0.441459 -0.875914
    outer loop
      vertex -36.0984 -43.3181 70.1459
      vertex -52.9469 -63.5362 56.2119
      vertex -37.3291 -37.3291 72.8908
    endloop
  endfacet
  facet normal -0.194647 -0.441459 0.875914
    outer loop
      vertex -36.0984 -43.3181 70.1459
      vertex -37.3291 -37.3291 72.8908
      vertex -52.9469 -63.5362 56.2119
    endloop
  endfacet
  facet normal 0.194648 0.441459 -0.875914
    outer loop
      vertex -52.9469 -63.5362 56.2119
      vertex -57.4679 -57.4679 58.2656
      vertex -37.3291 -37.3291 72.8908
    endloop
  endfacet
  facet normal -0.194648 -0.441459 0.875914
    outer loop
      vertex -52.9469 -63.5362 56.2119
      vertex -37.3291 -37.3291 72.8908
      vertex -57.4679 -57.4679 58.2656
    endloop
  endfacet
  facet normal -0.52432 -0.42899 0.735565
    outer loop
      vertex -49.8636 -33.2424 67.1459
      vertex -50.9652 -40.7722 61.9691
      vertex -43.3181 -36.0984 70.1459
    endloop
  endfacet
  facet normal 0.52432 0.42899 -0.735565
    outer loop
      vertex -49.8636 -33.2424 67.1459
      vertex -43.3181 -36.0984 70.1459
      vertex -50.9652 -40.7722 61.9691
    endloop
  endfacet
  facet normal -0.52432 -0.428989 0.735565
    outer loop
      vertex -43.3181 -36.0984 70.1459
      vertex -50.9652 -40.7722 61.9691
      vertex -42.9967 -42.9967 66.3518
    endloop
  endfacet
  facet normal 0.52432 0.428989 -0.735565
    outer loop
      vertex -43.3181 -36.0984 70.1459
      vertex -42.9967 -42.9967 66.3518
      vertex -50.9652 -40.7722 61.9691
    endloop
  endfacet
  facet normal 0.692003 0.561741 -0.453408
    outer loop
      vertex -59.9118 -59.9118 53.1145
      vertex -70.1471 -46.7647 53.7814
      vertex -63.5362 -52.9469 56.2119
    endloop
  endfacet
  facet normal -0.692003 -0.561741 0.453408
    outer loop
      vertex -59.9118 -59.9118 53.1145
      vertex -63.5362 -52.9469 56.2119
      vertex -70.1471 -46.7647 53.7814
    endloop
  endfacet
  facet normal 0.633213 0.521962 -0.571487
    outer loop
      vertex -67.9353 -54.3482 49.3059
      vertex -70.1471 -46.7647 53.7814
      vertex -59.9118 -59.9118 53.1145
    endloop
  endfacet
  facet normal -0.633213 -0.521962 0.571487
    outer loop
      vertex -67.9353 -54.3482 49.3059
      vertex -59.9118 -59.9118 53.1145
      vertex -70.1471 -46.7647 53.7814
    endloop
  endfacet
  facet normal 0.4676 0.158124 -0.869682
    outer loop
      vertex -43.3181 -36.0984 70.1459
      vertex -63.5362 -52.9469 56.2119
      vertex -49.8636 -33.2424 67.1459
    endloop
  endfacet
  facet normal -0.4676 -0.158124 0.869682
    outer loop
      vertex -43.3181 -36.0984 70.1459
      vertex -49.8636 -33.2424 67.1459
      vertex -63.5362 -52.9469 56.2119
    endloop
  endfacet
  facet normal 0.467601 0.158124 -0.869682
    outer loop
      vertex -63.5362 -52.9469 56.2119
      vertex -70.1471 -46.7647 53.7814
      vertex -49.8636 -33.2424 67.1459
    endloop
  endfacet
  facet normal -0.467601 -0.158124 0.869682
    outer loop
      vertex -63.5362 -52.9469 56.2119
      vertex -49.8636 -33.2424 67.1459
      vertex -70.1471 -46.7647 53.7814
    endloop
  endfacet
  facet normal -0.50883 -0.153997 0.846981
    outer loop
      vertex -50.9652 -40.7722 61.9691
      vertex -67.9353 -54.3482 49.3059
      vertex -42.9967 -42.9967 66.3518
    endloop
  endfacet
  facet normal 0.50883 0.153997 -0.846981
    outer loop
      vertex -50.9652 -40.7722 61.9691
      vertex -42.9967 -42.9967 66.3518
      vertex -67.9353 -54.3482 49.3059
    endloop
  endfacet
  facet normal -0.50883 -0.153997 0.846981
    outer loop
      vertex -42.9967 -42.9967 66.3518
      vertex -67.9353 -54.3482 49.3059
      vertex -59.9118 -59.9118 53.1145
    endloop
  endfacet
  facet normal 0.50883 0.153997 -0.846981
    outer loop
      vertex -42.9967 -42.9967 66.3518
      vertex -59.9118 -59.9118 53.1145
      vertex -67.9353 -54.3482 49.3059
    endloop
  endfacet
  facet normal -0.60847 -0.387208 0.692701
    outer loop
      vertex -56.5042 -28.2521 64.1023
      vertex -59.5489 -35.7293 57.2481
      vertex -49.8636 -33.2424 67.1459
    endloop
  endfacet
  facet normal 0.60847 0.387208 -0.692701
    outer loop
      vertex -56.5042 -28.2521 64.1023
      vertex -49.8636 -33.2424 67.1459
      vertex -59.5489 -35.7293 57.2481
    endloop
  endfacet
  facet normal -0.60847 -0.387209 0.6927
    outer loop
      vertex -49.8636 -33.2424 67.1459
      vertex -59.5489 -35.7293 57.2481
      vertex -50.9652 -40.7722 61.9691
    endloop
  endfacet
  facet normal 0.60847 0.387209 -0.6927
    outer loop
      vertex -49.8636 -33.2424 67.1459
      vertex -50.9652 -40.7722 61.9691
      vertex -59.5489 -35.7293 57.2481
    endloop
  endfacet
  facet normal 0.764328 0.478215 -0.432566
    outer loop
      vertex -67.9353 -54.3482 49.3059
      vertex -76.8388 -38.4194 51.1834
      vertex -70.1471 -46.7647 53.7814
    endloop
  endfacet
  facet normal -0.764328 -0.478215 0.432566
    outer loop
      vertex -67.9353 -54.3482 49.3059
      vertex -70.1471 -46.7647 53.7814
      vertex -76.8388 -38.4194 51.1834
    endloop
  endfacet
  facet normal 0.711643 0.460335 -0.530712
    outer loop
      vertex -76.5619 -45.9371 45.034
      vertex -76.8388 -38.4194 51.1834
      vertex -67.9353 -54.3482 49.3059
    endloop
  endfacet
  facet normal -0.711643 -0.460335 0.530712
    outer loop
      vertex -76.5619 -45.9371 45.034
      vertex -67.9353 -54.3482 49.3059
      vertex -76.8388 -38.4194 51.1834
    endloop
  endfacet
  facet normal 0.487967 0.122219 -0.864263
    outer loop
      vertex -49.8636 -33.2424 67.1459
      vertex -70.1471 -46.7647 53.7814
      vertex -56.5042 -28.2521 64.1023
    endloop
  endfacet
  facet normal -0.487967 -0.122219 0.864263
    outer loop
      vertex -49.8636 -33.2424 67.1459
      vertex -56.5042 -28.2521 64.1023
      vertex -70.1471 -46.7647 53.7814
    endloop
  endfacet
  facet normal 0.487967 0.122219 -0.864263
    outer loop
      vertex -70.1471 -46.7647 53.7814
      vertex -76.8388 -38.4194 51.1834
      vertex -56.5042 -28.2521 64.1023
    endloop
  endfacet
  facet normal -0.487967 -0.122219 0.864263
    outer loop
      vertex -70.1471 -46.7647 53.7814
      vertex -56.5042 -28.2521 64.1023
      vertex -76.8388 -38.4194 51.1834
    endloop
  endfacet
  facet normal -0.691654 -0.314388 0.650212
    outer loop
      vertex -62.4442 -20.8147 61.3798
      vertex -67.6923 -27.0769 52.7692
      vertex -56.5042 -28.2521 64.1023
    endloop
  endfacet
  facet normal 0.691654 0.314388 -0.650212
    outer loop
      vertex -62.4442 -20.8147 61.3798
      vertex -56.5042 -28.2521 64.1023
      vertex -67.6923 -27.0769 52.7692
    endloop
  endfacet
  facet normal -0.691654 -0.314388 0.650212
    outer loop
      vertex -56.5042 -28.2521 64.1023
      vertex -67.6923 -27.0769 52.7692
      vertex -59.5489 -35.7293 57.2481
    endloop
  endfacet
  facet normal 0.691654 0.314388 -0.650212
    outer loop
      vertex -56.5042 -28.2521 64.1023
      vertex -59.5489 -35.7293 57.2481
      vertex -67.6923 -27.0769 52.7692
    endloop
  endfacet
  facet normal 0.832839 0.368517 -0.413005
    outer loop
      vertex -76.5619 -45.9371 45.034
      vertex -82.8155 -27.6052 48.7805
      vertex -76.8388 -38.4194 51.1834
    endloop
  endfacet
  facet normal -0.832839 -0.368517 0.413005
    outer loop
      vertex -76.5619 -45.9371 45.034
      vertex -76.8388 -38.4194 51.1834
      vertex -82.8155 -27.6052 48.7805
    endloop
  endfacet
  facet normal 0.791731 0.369503 -0.486446
    outer loop
      vertex -76.5619 -45.9371 45.034
      vertex -84.7361 -33.8945 40.8773
      vertex -82.8155 -27.6052 48.7805
    endloop
  endfacet
  facet normal -0.791731 -0.369503 0.486446
    outer loop
      vertex -76.5619 -45.9371 45.034
      vertex -82.8155 -27.6052 48.7805
      vertex -84.7361 -33.8945 40.8773
    endloop
  endfacet
  facet normal 0.502911 0.0868648 -0.859962
    outer loop
      vertex -56.5042 -28.2521 64.1023
      vertex -76.8388 -38.4194 51.1834
      vertex -62.4442 -20.8147 61.3798
    endloop
  endfacet
  facet normal -0.502911 -0.0868648 0.859962
    outer loop
      vertex -56.5042 -28.2521 64.1023
      vertex -62.4442 -20.8147 61.3798
      vertex -76.8388 -38.4194 51.1834
    endloop
  endfacet
  facet normal 0.502911 0.0868649 -0.859962
    outer loop
      vertex -76.8388 -38.4194 51.1834
      vertex -82.8155 -27.6052 48.7805
      vertex -62.4442 -20.8147 61.3798
    endloop
  endfacet
  facet normal -0.502911 -0.0868649 0.859962
    outer loop
      vertex -76.8388 -38.4194 51.1834
      vertex -62.4442 -20.8147 61.3798
      vertex -82.8155 -27.6052 48.7805
    endloop
  endfacet
  facet normal -0.547337 -0.0841086 0.832675
    outer loop
      vertex -67.6923 -27.0769 52.7692
      vertex -84.7361 -33.8945 40.8773
      vertex -59.5489 -35.7293 57.2481
    endloop
  endfacet
  facet normal 0.547337 0.0841086 -0.832675
    outer loop
      vertex -67.6923 -27.0769 52.7692
      vertex -59.5489 -35.7293 57.2481
      vertex -84.7361 -33.8945 40.8773
    endloop
  endfacet
  facet normal -0.547337 -0.0841083 0.832675
    outer loop
      vertex -59.5489 -35.7293 57.2481
      vertex -84.7361 -33.8945 40.8773
      vertex -76.5619 -45.9371 45.034
    endloop
  endfacet
  facet normal 0.547337 0.0841083 -0.832675
    outer loop
      vertex -59.5489 -35.7293 57.2481
      vertex -76.5619 -45.9371 45.034
      vertex -84.7361 -33.8945 40.8773
    endloop
  endfacet
  facet normal -0.760945 -0.20753 0.614731
    outer loop
      vertex -66.648 -11.108 59.453
      vertex -73.743 -14.7486 49.4413
      vertex -62.4442 -20.8147 61.3798
    endloop
  endfacet
  facet normal 0.760945 0.20753 -0.614731
    outer loop
      vertex -66.648 -11.108 59.453
      vertex -62.4442 -20.8147 61.3798
      vertex -73.743 -14.7486 49.4413
    endloop
  endfacet
  facet normal -0.760945 -0.207531 0.614731
    outer loop
      vertex -62.4442 -20.8147 61.3798
      vertex -73.743 -14.7486 49.4413
      vertex -67.6923 -27.0769 52.7692
    endloop
  endfacet
  facet normal 0.760945 0.207531 -0.614731
    outer loop
      vertex -62.4442 -20.8147 61.3798
      vertex -67.6923 -27.0769 52.7692
      vertex -73.743 -14.7486 49.4413
    endloop
  endfacet
  facet normal 0.886153 0.232848 -0.400644
    outer loop
      vertex -84.7361 -33.8945 40.8773
      vertex -87.0414 -14.5069 47.0461
      vertex -82.8155 -27.6052 48.7805
    endloop
  endfacet
  facet normal -0.886153 -0.232848 0.400644
    outer loop
      vertex -84.7361 -33.8945 40.8773
      vertex -82.8155 -27.6052 48.7805
      vertex -87.0414 -14.5069 47.0461
    endloop
  endfacet
  facet normal 0.861902 0.243934 -0.444546
    outer loop
      vertex -84.7361 -33.8945 40.8773
      vertex -90.8054 -18.1611 37.7433
      vertex -87.0414 -14.5069 47.0461
    endloop
  endfacet
  facet normal -0.861902 -0.243934 0.444546
    outer loop
      vertex -84.7361 -33.8945 40.8773
      vertex -87.0414 -14.5069 47.0461
      vertex -90.8054 -18.1611 37.7433
    endloop
  endfacet
  facet normal 0.512713 0.0519386 -0.856987
    outer loop
      vertex -62.4442 -20.8147 61.3798
      vertex -82.8155 -27.6052 48.7805
      vertex -66.648 -11.108 59.453
    endloop
  endfacet
  facet normal -0.512713 -0.0519386 0.856987
    outer loop
      vertex -62.4442 -20.8147 61.3798
      vertex -66.648 -11.108 59.453
      vertex -82.8155 -27.6052 48.7805
    endloop
  endfacet
  facet normal 0.512713 0.0519385 -0.856987
    outer loop
      vertex -82.8155 -27.6052 48.7805
      vertex -87.0414 -14.5069 47.0461
      vertex -66.648 -11.108 59.453
    endloop
  endfacet
  facet normal -0.512713 -0.0519385 0.856987
    outer loop
      vertex -82.8155 -27.6052 48.7805
      vertex -66.648 -11.108 59.453
      vertex -87.0414 -14.5069 47.0461
    endloop
  endfacet
  facet normal -0.801042 -0.072822 0.594162
    outer loop
      vertex -68.1779 0 58.7518
      vertex -76.0077 0 48.1958
      vertex -66.648 -11.108 59.453
    endloop
  endfacet
  facet normal 0.801042 0.072822 -0.594162
    outer loop
      vertex -68.1779 0 58.7518
      vertex -66.648 -11.108 59.453
      vertex -76.0077 0 48.1958
    endloop
  endfacet
  facet normal -0.801042 -0.0728217 0.594162
    outer loop
      vertex -66.648 -11.108 59.453
      vertex -76.0077 0 48.1958
      vertex -73.743 -14.7486 49.4413
    endloop
  endfacet
  facet normal 0.801042 0.0728217 -0.594162
    outer loop
      vertex -66.648 -11.108 59.453
      vertex -73.743 -14.7486 49.4413
      vertex -76.0077 0 48.1958
    endloop
  endfacet
  facet normal 0.912893 0.0791555 -0.400452
    outer loop
      vertex -87.0414 -14.5069 47.0461
      vertex -90.8054 -18.1611 37.7433
      vertex -88.5787 0 46.4091
    endloop
  endfacet
  facet normal -0.912893 -0.0791555 0.400452
    outer loop
      vertex -87.0414 -14.5069 47.0461
      vertex -88.5787 0 46.4091
      vertex -90.8054 -18.1611 37.7433
    endloop
  endfacet
  facet normal 0.906207 0.0863987 -0.413913
    outer loop
      vertex -90.8054 -18.1611 37.7433
      vertex -93.0763 0 36.5624
      vertex -88.5787 0 46.4091
    endloop
  endfacet
  facet normal -0.906207 -0.0863987 0.413913
    outer loop
      vertex -90.8054 -18.1611 37.7433
      vertex -88.5787 0 46.4091
      vertex -93.0763 0 36.5624
    endloop
  endfacet
  facet normal 0.517566 0.0172822 -0.855469
    outer loop
      vertex -66.648 -11.108 59.453
      vertex -87.0414 -14.5069 47.0461
      vertex -68.1779 0 58.7518
    endloop
  endfacet
  facet normal -0.517566 -0.0172822 0.855469
    outer loop
      vertex -66.648 -11.108 59.453
      vertex -68.1779 0 58.7518
      vertex -87.0414 -14.5069 47.0461
    endloop
  endfacet
  facet normal 0.517566 0.0172819 -0.855469
    outer loop
      vertex -87.0414 -14.5069 47.0461
      vertex -88.5787 0 46.4091
      vertex -68.1779 0 58.7518
    endloop
  endfacet
  facet normal -0.517566 -0.0172819 0.855469
    outer loop
      vertex -87.0414 -14.5069 47.0461
      vertex -68.1779 0 58.7518
      vertex -88.5787 0 46.4091
    endloop
  endfacet
  facet normal -0.563116 -0.0166909 0.826209
    outer loop
      vertex -76.0077 0 48.1958
      vertex -93.0763 0 36.5624
      vertex -73.743 -14.7486 49.4413
    endloop
  endfacet
  facet normal 0.563116 0.0166909 -0.826209
    outer loop
      vertex -76.0077 0 48.1958
      vertex -73.743 -14.7486 49.4413
      vertex -93.0763 0 36.5624
    endloop
  endfacet
  facet normal -0.563116 -0.0166911 0.826209
    outer loop
      vertex -73.743 -14.7486 49.4413
      vertex -93.0763 0 36.5624
      vertex -90.8054 -18.1611 37.7433
    endloop
  endfacet
  facet normal 0.563116 0.0166911 -0.826209
    outer loop
      vertex -73.743 -14.7486 49.4413
      vertex -90.8054 -18.1611 37.7433
      vertex -93.0763 0 36.5624
    endloop
  endfacet
  facet normal -0.801042 0.0728219 0.594162
    outer loop
      vertex -66.648 11.108 59.453
      vertex -73.743 14.7486 49.4413
      vertex -68.1779 0 58.7518
    endloop
  endfacet
  facet normal 0.801042 -0.0728219 -0.594162
    outer loop
      vertex -66.648 11.108 59.453
      vertex -68.1779 0 58.7518
      vertex -73.743 14.7486 49.4413
    endloop
  endfacet
  facet normal -0.801042 0.0728218 0.594162
    outer loop
      vertex -73.743 14.7486 49.4413
      vertex -76.0077 0 48.1958
      vertex -68.1779 0 58.7518
    endloop
  endfacet
  facet normal 0.801042 -0.0728218 -0.594162
    outer loop
      vertex -73.743 14.7486 49.4413
      vertex -68.1779 0 58.7518
      vertex -76.0077 0 48.1958
    endloop
  endfacet
  facet normal 0.906843 -0.0779106 -0.414204
    outer loop
      vertex -88.5787 0 46.4091
      vertex -93.0763 0 36.5624
      vertex -87.0414 14.5069 47.0461
    endloop
  endfacet
  facet normal -0.906843 0.0779106 0.414204
    outer loop
      vertex -88.5787 0 46.4091
      vertex -87.0414 14.5069 47.0461
      vertex -93.0763 0 36.5624
    endloop
  endfacet
  facet normal 0.910974 -0.0877023 -0.403032
    outer loop
      vertex -87.0414 14.5069 47.0461
      vertex -93.0763 0 36.5624
      vertex -90.8054 18.1611 37.7433
    endloop
  endfacet
  facet normal -0.910974 0.0877023 0.403032
    outer loop
      vertex -87.0414 14.5069 47.0461
      vertex -90.8054 18.1611 37.7433
      vertex -93.0763 0 36.5624
    endloop
  endfacet
  facet normal 0.517566 -0.0172822 -0.855469
    outer loop
      vertex -68.1779 0 58.7518
      vertex -88.5787 0 46.4091
      vertex -66.648 11.108 59.453
    endloop
  endfacet
  facet normal -0.517566 0.0172822 0.855469
    outer loop
      vertex -68.1779 0 58.7518
      vertex -66.648 11.108 59.453
      vertex -88.5787 0 46.4091
    endloop
  endfacet
  facet normal 0.517566 -0.0172819 -0.855469
    outer loop
      vertex -66.648 11.108 59.453
      vertex -88.5787 0 46.4091
      vertex -87.0414 14.5069 47.0461
    endloop
  endfacet
  facet normal -0.517566 0.0172819 0.855469
    outer loop
      vertex -66.648 11.108 59.453
      vertex -87.0414 14.5069 47.0461
      vertex -88.5787 0 46.4091
    endloop
  endfacet
  facet normal -0.760945 0.20753 0.61473
    outer loop
      vertex -62.4442 20.8147 61.3798
      vertex -67.6923 27.0769 52.7692
      vertex -66.648 11.108 59.453
    endloop
  endfacet
  facet normal 0.760945 -0.20753 -0.61473
    outer loop
      vertex -62.4442 20.8147 61.3798
      vertex -66.648 11.108 59.453
      vertex -67.6923 27.0769 52.7692
    endloop
  endfacet
  facet normal -0.760945 0.207531 0.614731
    outer loop
      vertex -67.6923 27.0769 52.7692
      vertex -73.743 14.7486 49.4413
      vertex -66.648 11.108 59.453
    endloop
  endfacet
  facet normal 0.760945 -0.207531 -0.614731
    outer loop
      vertex -67.6923 27.0769 52.7692
      vertex -66.648 11.108 59.453
      vertex -73.743 14.7486 49.4413
    endloop
  endfacet
  facet normal 0.870224 -0.222562 -0.439518
    outer loop
      vertex -87.0414 14.5069 47.0461
      vertex -90.8054 18.1611 37.7433
      vertex -82.8155 27.6052 48.7805
    endloop
  endfacet
  facet normal -0.870224 0.222562 0.439518
    outer loop
      vertex -87.0414 14.5069 47.0461
      vertex -82.8155 27.6052 48.7805
      vertex -90.8054 18.1611 37.7433
    endloop
  endfacet
  facet normal 0.873648 -0.254399 -0.414754
    outer loop
      vertex -82.8155 27.6052 48.7805
      vertex -90.8054 18.1611 37.7433
      vertex -84.7361 33.8945 40.8773
    endloop
  endfacet
  facet normal -0.873648 0.254399 0.414754
    outer loop
      vertex -82.8155 27.6052 48.7805
      vertex -84.7361 33.8945 40.8773
      vertex -90.8054 18.1611 37.7433
    endloop
  endfacet
  facet normal 0.512713 -0.0519386 -0.856987
    outer loop
      vertex -66.648 11.108 59.453
      vertex -87.0414 14.5069 47.0461
      vertex -62.4442 20.8147 61.3798
    endloop
  endfacet
  facet normal -0.512713 0.0519386 0.856987
    outer loop
      vertex -66.648 11.108 59.453
      vertex -62.4442 20.8147 61.3798
      vertex -87.0414 14.5069 47.0461
    endloop
  endfacet
  facet normal 0.512713 -0.0519385 -0.856987
    outer loop
      vertex -62.4442 20.8147 61.3798
      vertex -87.0414 14.5069 47.0461
      vertex -82.8155 27.6052 48.7805
    endloop
  endfacet
  facet normal -0.512713 0.0519385 0.856987
    outer loop
      vertex -62.4442 20.8147 61.3798
      vertex -82.8155 27.6052 48.7805
      vertex -87.0414 14.5069 47.0461
    endloop
  endfacet
  facet normal -0.557905 0.0502054 0.828385
    outer loop
      vertex -67.6923 27.0769 52.7692
      vertex -84.7361 33.8945 40.8773
      vertex -73.743 14.7486 49.4413
    endloop
  endfacet
  facet normal 0.557905 -0.0502054 -0.828385
    outer loop
      vertex -67.6923 27.0769 52.7692
      vertex -73.743 14.7486 49.4413
      vertex -84.7361 33.8945 40.8773
    endloop
  endfacet
  facet normal -0.557905 0.0502054 0.828385
    outer loop
      vertex -84.7361 33.8945 40.8773
      vertex -90.8054 18.1611 37.7433
      vertex -73.743 14.7486 49.4413
    endloop
  endfacet
  facet normal 0.557905 -0.0502054 -0.828385
    outer loop
      vertex -84.7361 33.8945 40.8773
      vertex -73.743 14.7486 49.4413
      vertex -90.8054 18.1611 37.7433
    endloop
  endfacet
  facet normal -0.691654 0.314388 0.650212
    outer loop
      vertex -59.5489 35.7293 57.2481
      vertex -62.4442 20.8147 61.3798
      vertex -56.5042 28.2521 64.1023
    endloop
  endfacet
  facet normal 0.691654 -0.314388 -0.650212
    outer loop
      vertex -59.5489 35.7293 57.2481
      vertex -56.5042 28.2521 64.1023
      vertex -62.4442 20.8147 61.3798
    endloop
  endfacet
  facet normal -0.691654 0.314388 0.650212
    outer loop
      vertex -59.5489 35.7293 57.2481
      vertex -67.6923 27.0769 52.7692
      vertex -62.4442 20.8147 61.3798
    endloop
  endfacet
  facet normal 0.691654 -0.314388 -0.650212
    outer loop
      vertex -59.5489 35.7293 57.2481
      vertex -62.4442 20.8147 61.3798
      vertex -67.6923 27.0769 52.7692
    endloop
  endfacet
  facet normal 0.812117 -0.344132 -0.47121
    outer loop
      vertex -82.8155 27.6052 48.7805
      vertex -84.7361 33.8945 40.8773
      vertex -76.8388 38.4194 51.1834
    endloop
  endfacet
  facet normal -0.812117 0.344132 0.47121
    outer loop
      vertex -82.8155 27.6052 48.7805
      vertex -76.8388 38.4194 51.1834
      vertex -84.7361 33.8945 40.8773
    endloop
  endfacet
  facet normal 0.805039 -0.393086 -0.444292
    outer loop
      vertex -76.8388 38.4194 51.1834
      vertex -84.7361 33.8945 40.8773
      vertex -76.5619 45.9371 45.034
    endloop
  endfacet
  facet normal -0.805039 0.393086 0.444292
    outer loop
      vertex -76.8388 38.4194 51.1834
      vertex -76.5619 45.9371 45.034
      vertex -84.7361 33.8945 40.8773
    endloop
  endfacet
  facet normal 0.502911 -0.0868647 -0.859962
    outer loop
      vertex -62.4442 20.8147 61.3798
      vertex -82.8155 27.6052 48.7805
      vertex -56.5042 28.2521 64.1023
    endloop
  endfacet
  facet normal -0.502911 0.0868647 0.859962
    outer loop
      vertex -62.4442 20.8147 61.3798
      vertex -56.5042 28.2521 64.1023
      vertex -82.8155 27.6052 48.7805
    endloop
  endfacet
  facet normal 0.502911 -0.086865 -0.859962
    outer loop
      vertex -56.5042 28.2521 64.1023
      vertex -82.8155 27.6052 48.7805
      vertex -76.8388 38.4194 51.1834
    endloop
  endfacet
  facet normal -0.502911 0.086865 0.859962
    outer loop
      vertex -56.5042 28.2521 64.1023
      vertex -76.8388 38.4194 51.1834
      vertex -82.8155 27.6052 48.7805
    endloop
  endfacet
  facet normal -0.608471 0.387208 0.6927
    outer loop
      vertex -50.9652 40.7722 61.9691
      vertex -56.5042 28.2521 64.1023
      vertex -49.8636 33.2424 67.1459
    endloop
  endfacet
  facet normal 0.608471 -0.387208 -0.6927
    outer loop
      vertex -50.9652 40.7722 61.9691
      vertex -49.8636 33.2424 67.1459
      vertex -56.5042 28.2521 64.1023
    endloop
  endfacet
  facet normal -0.60847 0.387208 0.692701
    outer loop
      vertex -50.9652 40.7722 61.9691
      vertex -59.5489 35.7293 57.2481
      vertex -56.5042 28.2521 64.1023
    endloop
  endfacet
  facet normal 0.60847 -0.387208 -0.692701
    outer loop
      vertex -50.9652 40.7722 61.9691
      vertex -56.5042 28.2521 64.1023
      vertex -59.5489 35.7293 57.2481
    endloop
  endfacet
  facet normal 0.743678 -0.439486 -0.503781
    outer loop
      vertex -70.1471 46.7647 53.7814
      vertex -76.8388 38.4194 51.1834
      vertex -76.5619 45.9371 45.034
    endloop
  endfacet
  facet normal -0.743678 0.439486 0.503781
    outer loop
      vertex -70.1471 46.7647 53.7814
      vertex -76.5619 45.9371 45.034
      vertex -76.8388 38.4194 51.1834
    endloop
  endfacet
  facet normal 0.722145 -0.495495 -0.482691
    outer loop
      vertex -70.1471 46.7647 53.7814
      vertex -76.5619 45.9371 45.034
      vertex -67.9353 54.3482 49.3059
    endloop
  endfacet
  facet normal -0.722145 0.495495 0.482691
    outer loop
      vertex -70.1471 46.7647 53.7814
      vertex -67.9353 54.3482 49.3059
      vertex -76.5619 45.9371 45.034
    endloop
  endfacet
  facet normal 0.487967 -0.122218 -0.864263
    outer loop
      vertex -56.5042 28.2521 64.1023
      vertex -76.8388 38.4194 51.1834
      vertex -49.8636 33.2424 67.1459
    endloop
  endfacet
  facet normal -0.487967 0.122218 0.864263
    outer loop
      vertex -56.5042 28.2521 64.1023
      vertex -49.8636 33.2424 67.1459
      vertex -76.8388 38.4194 51.1834
    endloop
  endfacet
  facet normal 0.487967 -0.122219 -0.864263
    outer loop
      vertex -49.8636 33.2424 67.1459
      vertex -76.8388 38.4194 51.1834
      vertex -70.1471 46.7647 53.7814
    endloop
  endfacet
  facet normal -0.487967 0.122219 0.864263
    outer loop
      vertex -49.8636 33.2424 67.1459
      vertex -70.1471 46.7647 53.7814
      vertex -76.8388 38.4194 51.1834
    endloop
  endfacet
  facet normal -0.531122 0.118639 0.838948
    outer loop
      vertex -50.9652 40.7722 61.9691
      vertex -67.9353 54.3482 49.3059
      vertex -59.5489 35.7293 57.2481
    endloop
  endfacet
  facet normal 0.531122 -0.118639 -0.838948
    outer loop
      vertex -50.9652 40.7722 61.9691
      vertex -59.5489 35.7293 57.2481
      vertex -67.9353 54.3482 49.3059
    endloop
  endfacet
  facet normal -0.531122 0.118639 0.838948
    outer loop
      vertex -67.9353 54.3482 49.3059
      vertex -76.5619 45.9371 45.034
      vertex -59.5489 35.7293 57.2481
    endloop
  endfacet
  facet normal 0.531122 -0.118639 -0.838948
    outer loop
      vertex -67.9353 54.3482 49.3059
      vertex -59.5489 35.7293 57.2481
      vertex -76.5619 45.9371 45.034
    endloop
  endfacet
  facet normal -0.52432 0.428989 0.735566
    outer loop
      vertex -42.9967 42.9967 66.3518
      vertex -49.8636 33.2424 67.1459
      vertex -43.3181 36.0984 70.1459
    endloop
  endfacet
  facet normal 0.52432 -0.428989 -0.735566
    outer loop
      vertex -42.9967 42.9967 66.3518
      vertex -43.3181 36.0984 70.1459
      vertex -49.8636 33.2424 67.1459
    endloop
  endfacet
  facet normal -0.52432 0.42899 0.735565
    outer loop
      vertex -42.9967 42.9967 66.3518
      vertex -50.9652 40.7722 61.9691
      vertex -49.8636 33.2424 67.1459
    endloop
  endfacet
  facet normal 0.52432 -0.42899 -0.735565
    outer loop
      vertex -42.9967 42.9967 66.3518
      vertex -49.8636 33.2424 67.1459
      vertex -50.9652 40.7722 61.9691
    endloop
  endfacet
  facet normal 0.674092 -0.511247 -0.533129
    outer loop
      vertex -63.5362 52.9469 56.2119
      vertex -70.1471 46.7647 53.7814
      vertex -67.9353 54.3482 49.3059
    endloop
  endfacet
  facet normal -0.674092 0.511247 0.533129
    outer loop
      vertex -63.5362 52.9469 56.2119
      vertex -67.9353 54.3482 49.3059
      vertex -70.1471 46.7647 53.7814
    endloop
  endfacet
  facet normal 0.639322 -0.564759 -0.521839
    outer loop
      vertex -63.5362 52.9469 56.2119
      vertex -67.9353 54.3482 49.3059
      vertex -59.9118 59.9118 53.1145
    endloop
  endfacet
  facet normal -0.639322 0.564759 0.521839
    outer loop
      vertex -63.5362 52.9469 56.2119
      vertex -59.9118 59.9118 53.1145
      vertex -67.9353 54.3482 49.3059
    endloop
  endfacet
  facet normal 0.4676 -0.158125 -0.869682
    outer loop
      vertex -49.8636 33.2424 67.1459
      vertex -70.1471 46.7647 53.7814
      vertex -43.3181 36.0984 70.1459
    endloop
  endfacet
  facet normal -0.4676 0.158125 0.869682
    outer loop
      vertex -49.8636 33.2424 67.1459
      vertex -43.3181 36.0984 70.1459
      vertex -70.1471 46.7647 53.7814
    endloop
  endfacet
  facet normal 0.4676 -0.158124 -0.869682
    outer loop
      vertex -43.3181 36.0984 70.1459
      vertex -70.1471 46.7647 53.7814
      vertex -63.5362 52.9469 56.2119
    endloop
  endfacet
  facet normal -0.4676 0.158124 0.869682
    outer loop
      vertex -43.3181 36.0984 70.1459
      vertex -63.5362 52.9469 56.2119
      vertex -70.1471 46.7647 53.7814
    endloop
  endfacet
  facet normal 0.190318 -0.479903 -0.85643
    outer loop
      vertex -43.3181 36.0984 70.1459
      vertex -63.5362 52.9469 56.2119
      vertex -42.9967 42.9967 66.3518
    endloop
  endfacet
  facet normal -0.190318 0.479903 0.85643
    outer loop
      vertex -43.3181 36.0984 70.1459
      vertex -42.9967 42.9967 66.3518
      vertex -63.5362 52.9469 56.2119
    endloop
  endfacet
  facet normal 0.190317 -0.479904 -0.85643
    outer loop
      vertex -42.9967 42.9967 66.3518
      vertex -63.5362 52.9469 56.2119
      vertex -59.9118 59.9118 53.1145
    endloop
  endfacet
  facet normal -0.190317 0.479904 0.85643
    outer loop
      vertex -42.9967 42.9967 66.3518
      vertex -59.9118 59.9118 53.1145
      vertex -63.5362 52.9469 56.2119
    endloop
  endfacet
  facet normal -0.428989 -0.52432 0.735565
    outer loop
      vertex -36.0984 -43.3181 70.1459
      vertex -42.9967 -42.9967 66.3518
      vertex -40.7722 -50.9652 61.9691
    endloop
  endfacet
  facet normal 0.428989 0.52432 -0.735565
    outer loop
      vertex -36.0984 -43.3181 70.1459
      vertex -40.7722 -50.9652 61.9691
      vertex -42.9967 -42.9967 66.3518
    endloop
  endfacet
  facet normal -0.42899 -0.52432 0.735565
    outer loop
      vertex -36.0984 -43.3181 70.1459
      vertex -40.7722 -50.9652 61.9691
      vertex -33.2424 -49.8636 67.1459
    endloop
  endfacet
  facet normal 0.42899 0.52432 -0.735565
    outer loop
      vertex -36.0984 -43.3181 70.1459
      vertex -33.2424 -49.8636 67.1459
      vertex -40.7722 -50.9652 61.9691
    endloop
  endfacet
  facet normal 0.561741 0.692003 -0.453408
    outer loop
      vertex -46.7647 -70.1471 53.7814
      vertex -59.9118 -59.9118 53.1145
      vertex -52.9469 -63.5362 56.2119
    endloop
  endfacet
  facet normal -0.561741 -0.692003 0.453408
    outer loop
      vertex -46.7647 -70.1471 53.7814
      vertex -52.9469 -63.5362 56.2119
      vertex -59.9118 -59.9118 53.1145
    endloop
  endfacet
  facet normal 0.521962 0.633213 -0.571487
    outer loop
      vertex -54.3482 -67.9353 49.3059
      vertex -59.9118 -59.9118 53.1145
      vertex -46.7647 -70.1471 53.7814
    endloop
  endfacet
  facet normal -0.521962 -0.633213 0.571487
    outer loop
      vertex -54.3482 -67.9353 49.3059
      vertex -46.7647 -70.1471 53.7814
      vertex -59.9118 -59.9118 53.1145
    endloop
  endfacet
  facet normal 0.158125 0.4676 -0.869682
    outer loop
      vertex -33.2424 -49.8636 67.1459
      vertex -46.7647 -70.1471 53.7814
      vertex -36.0984 -43.3181 70.1459
    endloop
  endfacet
  facet normal -0.158125 -0.4676 0.869682
    outer loop
      vertex -33.2424 -49.8636 67.1459
      vertex -36.0984 -43.3181 70.1459
      vertex -46.7647 -70.1471 53.7814
    endloop
  endfacet
  facet normal 0.158124 0.4676 -0.869682
    outer loop
      vertex -46.7647 -70.1471 53.7814
      vertex -52.9469 -63.5362 56.2119
      vertex -36.0984 -43.3181 70.1459
    endloop
  endfacet
  facet normal -0.158124 -0.4676 0.869682
    outer loop
      vertex -46.7647 -70.1471 53.7814
      vertex -36.0984 -43.3181 70.1459
      vertex -52.9469 -63.5362 56.2119
    endloop
  endfacet
  facet normal -0.153997 -0.50883 0.846981
    outer loop
      vertex -42.9967 -42.9967 66.3518
      vertex -59.9118 -59.9118 53.1145
      vertex -40.7722 -50.9652 61.9691
    endloop
  endfacet
  facet normal 0.153997 0.50883 -0.846981
    outer loop
      vertex -42.9967 -42.9967 66.3518
      vertex -40.7722 -50.9652 61.9691
      vertex -59.9118 -59.9118 53.1145
    endloop
  endfacet
  facet normal -0.153997 -0.50883 0.846981
    outer loop
      vertex -40.7722 -50.9652 61.9691
      vertex -59.9118 -59.9118 53.1145
      vertex -54.3482 -67.9353 49.3059
    endloop
  endfacet
  facet normal 0.153997 0.50883 -0.846981
    outer loop
      vertex -40.7722 -50.9652 61.9691
      vertex -54.3482 -67.9353 49.3059
      vertex -59.9118 -59.9118 53.1145
    endloop
  endfacet
  facet normal -0.622591 -0.484238 0.61473
    outer loop
      vertex -59.5489 -35.7293 57.2481
      vertex -60.8061 -45.6046 48.1958
      vertex -50.9652 -40.7722 61.9691
    endloop
  endfacet
  facet normal 0.622591 0.484238 -0.61473
    outer loop
      vertex -59.5489 -35.7293 57.2481
      vertex -50.9652 -40.7722 61.9691
      vertex -60.8061 -45.6046 48.1958
    endloop
  endfacet
  facet normal -0.622591 -0.484238 0.614731
    outer loop
      vertex -50.9652 -40.7722 61.9691
      vertex -60.8061 -45.6046 48.1958
      vertex -50.0474 -50.0474 55.5924
    endloop
  endfacet
  facet normal 0.622591 0.484238 -0.614731
    outer loop
      vertex -50.9652 -40.7722 61.9691
      vertex -50.0474 -50.0474 55.5924
      vertex -60.8061 -45.6046 48.1958
    endloop
  endfacet
  facet normal 0.736011 0.567093 -0.369721
    outer loop
      vertex -63.6676 -63.6676 43.507
      vertex -76.5619 -45.9371 45.034
      vertex -67.9353 -54.3482 49.3059
    endloop
  endfacet
  facet normal -0.736011 -0.567093 0.369721
    outer loop
      vertex -63.6676 -63.6676 43.507
      vertex -67.9353 -54.3482 49.3059
      vertex -76.5619 -45.9371 45.034
    endloop
  endfacet
  facet normal 0.695859 0.54621 -0.466299
    outer loop
      vertex -74.461 -55.8458 36.5624
      vertex -76.5619 -45.9371 45.034
      vertex -63.6676 -63.6676 43.507
    endloop
  endfacet
  facet normal -0.695859 -0.54621 0.466299
    outer loop
      vertex -74.461 -55.8458 36.5624
      vertex -63.6676 -63.6676 43.507
      vertex -76.5619 -45.9371 45.034
    endloop
  endfacet
  facet normal 0.146954 0.570212 -0.808247
    outer loop
      vertex -50.0474 -50.0474 55.5924
      vertex -63.6676 -63.6676 43.507
      vertex -50.9652 -40.7722 61.9691
    endloop
  endfacet
  facet normal -0.146954 -0.570212 0.808247
    outer loop
      vertex -50.0474 -50.0474 55.5924
      vertex -50.9652 -40.7722 61.9691
      vertex -63.6676 -63.6676 43.507
    endloop
  endfacet
  facet normal 0.146954 0.570212 -0.808247
    outer loop
      vertex -63.6676 -63.6676 43.507
      vertex -67.9353 -54.3482 49.3059
      vertex -50.9652 -40.7722 61.9691
    endloop
  endfacet
  facet normal -0.146954 -0.570212 0.808247
    outer loop
      vertex -63.6676 -63.6676 43.507
      vertex -50.9652 -40.7722 61.9691
      vertex -67.9353 -54.3482 49.3059
    endloop
  endfacet
  facet normal -0.134351 -0.660249 0.738932
    outer loop
      vertex -59.5489 -35.7293 57.2481
      vertex -76.5619 -45.9371 45.034
      vertex -60.8061 -45.6046 48.1958
    endloop
  endfacet
  facet normal 0.134351 0.660249 -0.738932
    outer loop
      vertex -59.5489 -35.7293 57.2481
      vertex -60.8061 -45.6046 48.1958
      vertex -76.5619 -45.9371 45.034
    endloop
  endfacet
  facet normal -0.134351 -0.66025 0.738932
    outer loop
      vertex -60.8061 -45.6046 48.1958
      vertex -76.5619 -45.9371 45.034
      vertex -74.461 -55.8458 36.5624
    endloop
  endfacet
  facet normal 0.134351 0.66025 -0.738932
    outer loop
      vertex -60.8061 -45.6046 48.1958
      vertex -74.461 -55.8458 36.5624
      vertex -76.5619 -45.9371 45.034
    endloop
  endfacet
  facet normal -0.830057 -0.276686 0.4842
    outer loop
      vertex -73.743 -14.7486 49.4413
      vertex -80.6107 -20.1527 34.5802
      vertex -67.6923 -27.0769 52.7692
    endloop
  endfacet
  facet normal 0.830057 0.276686 -0.4842
    outer loop
      vertex -73.743 -14.7486 49.4413
      vertex -67.6923 -27.0769 52.7692
      vertex -80.6107 -20.1527 34.5802
    endloop
  endfacet
  facet normal -0.830057 -0.276686 0.4842
    outer loop
      vertex -67.6923 -27.0769 52.7692
      vertex -80.6107 -20.1527 34.5802
      vertex -71.8367 -35.9184 40.6122
    endloop
  endfacet
  facet normal 0.830057 0.276686 -0.4842
    outer loop
      vertex -67.6923 -27.0769 52.7692
      vertex -71.8367 -35.9184 40.6122
      vertex -80.6107 -20.1527 34.5802
    endloop
  endfacet
  facet normal 0.911554 0.294476 -0.286971
    outer loop
      vertex -85.5164 -42.7582 29.3032
      vertex -90.8054 -18.1611 37.7433
      vertex -84.7361 -33.8945 40.8773
    endloop
  endfacet
  facet normal -0.911554 -0.294476 0.286971
    outer loop
      vertex -85.5164 -42.7582 29.3032
      vertex -84.7361 -33.8945 40.8773
      vertex -90.8054 -18.1611 37.7433
    endloop
  endfacet
  facet normal 0.891108 0.306451 -0.334685
    outer loop
      vertex -85.5164 -42.7582 29.3032
      vertex -94.3053 -23.5763 23.4662
      vertex -90.8054 -18.1611 37.7433
    endloop
  endfacet
  facet normal -0.891108 -0.306451 0.334685
    outer loop
      vertex -85.5164 -42.7582 29.3032
      vertex -90.8054 -18.1611 37.7433
      vertex -94.3053 -23.5763 23.4662
    endloop
  endfacet
  facet normal 0.110721 0.78543 -0.608967
    outer loop
      vertex -71.8367 -35.9184 40.6122
      vertex -85.5164 -42.7582 29.3032
      vertex -67.6923 -27.0769 52.7692
    endloop
  endfacet
  facet normal -0.110721 -0.78543 0.608967
    outer loop
      vertex -71.8367 -35.9184 40.6122
      vertex -67.6923 -27.0769 52.7692
      vertex -85.5164 -42.7582 29.3032
    endloop
  endfacet
  facet normal 0.110722 0.785429 -0.608967
    outer loop
      vertex -67.6923 -27.0769 52.7692
      vertex -85.5164 -42.7582 29.3032
      vertex -84.7361 -33.8945 40.8773
    endloop
  endfacet
  facet normal -0.110722 -0.785429 0.608967
    outer loop
      vertex -67.6923 -27.0769 52.7692
      vertex -84.7361 -33.8945 40.8773
      vertex -85.5164 -42.7582 29.3032
    endloop
  endfacet
  facet normal -0.0669369 -0.927353 0.368152
    outer loop
      vertex -73.743 -14.7486 49.4413
      vertex -90.8054 -18.1611 37.7433
